2021/01/26-12:48:12.545899 2b0936fbab20 RocksDB version: 6.10.0
2021/01/26-12:48:12.545944 2b0936fbab20 Git sha rocksdb_build_git_sha:@@GIT_SHA@@
2021/01/26-12:48:12.545948 2b0936fbab20 Compile date Jan 13 2021
2021/01/26-12:48:12.545958 2b0936fbab20 DB SUMMARY
2021/01/26-12:48:12.546076 2b0936fbab20 CURRENT file:  CURRENT
2021/01/26-12:48:12.546079 2b0936fbab20 IDENTITY file:  IDENTITY
2021/01/26-12:48:12.546087 2b0936fbab20 MANIFEST file:  MANIFEST-000017 size: 59 Bytes
2021/01/26-12:48:12.546103 2b0936fbab20 SST files in /home/pvrp/public_html/server2/db/default dir, Total Num: 0, files: 
2021/01/26-12:48:12.546109 2b0936fbab20 Write Ahead Log file in /home/pvrp/public_html/server2/db/default: 000018.log size: 0 ; 
2021/01/26-12:48:12.546115 2b0936fbab20                         Options.error_if_exists: 0
2021/01/26-12:48:12.546120 2b0936fbab20                       Options.create_if_missing: 1
2021/01/26-12:48:12.546124 2b0936fbab20                         Options.paranoid_checks: 1
2021/01/26-12:48:12.546128 2b0936fbab20                                     Options.env: 0x2b093651ef08
2021/01/26-12:48:12.546140 2b0936fbab20                                      Options.fs: Posix File System
2021/01/26-12:48:12.546143 2b0936fbab20                                Options.info_log: 0x2b096dd311e0
2021/01/26-12:48:12.546146 2b0936fbab20                Options.max_file_opening_threads: 16
2021/01/26-12:48:12.546148 2b0936fbab20                              Options.statistics: 0
2021/01/26-12:48:12.546151 2b0936fbab20                               Options.use_fsync: 0
2021/01/26-12:48:12.546153 2b0936fbab20                       Options.max_log_file_size: 0
2021/01/26-12:48:12.546156 2b0936fbab20                  Options.max_manifest_file_size: 1073741824
2021/01/26-12:48:12.546158 2b0936fbab20                   Options.log_file_time_to_roll: 0
2021/01/26-12:48:12.546161 2b0936fbab20                       Options.keep_log_file_num: 1000
2021/01/26-12:48:12.546163 2b0936fbab20                    Options.recycle_log_file_num: 0
2021/01/26-12:48:12.546166 2b0936fbab20                         Options.allow_fallocate: 1
2021/01/26-12:48:12.546171 2b0936fbab20                        Options.allow_mmap_reads: 0
2021/01/26-12:48:12.546173 2b0936fbab20                       Options.allow_mmap_writes: 0
2021/01/26-12:48:12.546176 2b0936fbab20                        Options.use_direct_reads: 0
2021/01/26-12:48:12.546178 2b0936fbab20                        Options.use_direct_io_for_flush_and_compaction: 0
2021/01/26-12:48:12.546181 2b0936fbab20          Options.create_missing_column_families: 0
2021/01/26-12:48:12.546183 2b0936fbab20                              Options.db_log_dir: 
2021/01/26-12:48:12.546186 2b0936fbab20                                 Options.wal_dir: /home/pvrp/public_html/server2/db/default
2021/01/26-12:48:12.546188 2b0936fbab20                Options.table_cache_numshardbits: 6
2021/01/26-12:48:12.546191 2b0936fbab20                      Options.max_subcompactions: 1
2021/01/26-12:48:12.546193 2b0936fbab20                         Options.WAL_ttl_seconds: 0
2021/01/26-12:48:12.546195 2b0936fbab20                       Options.WAL_size_limit_MB: 0
2021/01/26-12:48:12.546200 2b0936fbab20                        Options.max_write_batch_group_size_bytes: 1048576
2021/01/26-12:48:12.546203 2b0936fbab20             Options.manifest_preallocation_size: 4194304
2021/01/26-12:48:12.546205 2b0936fbab20                     Options.is_fd_close_on_exec: 1
2021/01/26-12:48:12.546208 2b0936fbab20                   Options.advise_random_on_open: 1
2021/01/26-12:48:12.546210 2b0936fbab20                    Options.db_write_buffer_size: 0
2021/01/26-12:48:12.546212 2b0936fbab20                    Options.write_buffer_manager: 0x2b096dc57cf0
2021/01/26-12:48:12.546215 2b0936fbab20         Options.access_hint_on_compaction_start: 1
2021/01/26-12:48:12.546217 2b0936fbab20  Options.new_table_reader_for_compaction_inputs: 0
2021/01/26-12:48:12.546219 2b0936fbab20           Options.random_access_max_buffer_size: 1048576
2021/01/26-12:48:12.546222 2b0936fbab20                      Options.use_adaptive_mutex: 0
2021/01/26-12:48:12.546224 2b0936fbab20                            Options.rate_limiter: 0
2021/01/26-12:48:12.546243 2b0936fbab20     Options.sst_file_manager.rate_bytes_per_sec: 0
2021/01/26-12:48:12.546246 2b0936fbab20                       Options.wal_recovery_mode: 2
2021/01/26-12:48:12.546248 2b0936fbab20                  Options.enable_thread_tracking: 0
2021/01/26-12:48:12.546251 2b0936fbab20                  Options.enable_pipelined_write: 0
2021/01/26-12:48:12.546253 2b0936fbab20                  Options.unordered_write: 0
2021/01/26-12:48:12.546256 2b0936fbab20         Options.allow_concurrent_memtable_write: 1
2021/01/26-12:48:12.546258 2b0936fbab20      Options.enable_write_thread_adaptive_yield: 1
2021/01/26-12:48:12.546260 2b0936fbab20             Options.write_thread_max_yield_usec: 100
2021/01/26-12:48:12.546263 2b0936fbab20            Options.write_thread_slow_yield_usec: 3
2021/01/26-12:48:12.546265 2b0936fbab20                               Options.row_cache: None
2021/01/26-12:48:12.546267 2b0936fbab20                              Options.wal_filter: None
2021/01/26-12:48:12.546270 2b0936fbab20             Options.avoid_flush_during_recovery: 0
2021/01/26-12:48:12.546275 2b0936fbab20             Options.allow_ingest_behind: 0
2021/01/26-12:48:12.546278 2b0936fbab20             Options.preserve_deletes: 0
2021/01/26-12:48:12.546280 2b0936fbab20             Options.two_write_queues: 0
2021/01/26-12:48:12.546282 2b0936fbab20             Options.manual_wal_flush: 0
2021/01/26-12:48:12.546285 2b0936fbab20             Options.atomic_flush: 0
2021/01/26-12:48:12.546287 2b0936fbab20             Options.avoid_unnecessary_blocking_io: 0
2021/01/26-12:48:12.546290 2b0936fbab20                 Options.persist_stats_to_disk: 0
2021/01/26-12:48:12.546292 2b0936fbab20                 Options.write_dbid_to_manifest: 0
2021/01/26-12:48:12.546294 2b0936fbab20                 Options.log_readahead_size: 0
2021/01/26-12:48:12.546297 2b0936fbab20                 Options.file_checksum_gen_factory: Unknown
2021/01/26-12:48:12.546300 2b0936fbab20                 Options.best_efforts_recovery: 0
2021/01/26-12:48:12.546302 2b0936fbab20             Options.max_background_jobs: 2
2021/01/26-12:48:12.546307 2b0936fbab20             Options.max_background_compactions: -1
2021/01/26-12:48:12.546309 2b0936fbab20             Options.avoid_flush_during_shutdown: 0
2021/01/26-12:48:12.546312 2b0936fbab20           Options.writable_file_max_buffer_size: 1048576
2021/01/26-12:48:12.546314 2b0936fbab20             Options.delayed_write_rate : 16777216
2021/01/26-12:48:12.546317 2b0936fbab20             Options.max_total_wal_size: 0
2021/01/26-12:48:12.546319 2b0936fbab20             Options.delete_obsolete_files_period_micros: 21600000000
2021/01/26-12:48:12.546322 2b0936fbab20                   Options.stats_dump_period_sec: 600
2021/01/26-12:48:12.546324 2b0936fbab20                 Options.stats_persist_period_sec: 600
2021/01/26-12:48:12.546327 2b0936fbab20                 Options.stats_history_buffer_size: 1048576
2021/01/26-12:48:12.546329 2b0936fbab20                          Options.max_open_files: -1
2021/01/26-12:48:12.546332 2b0936fbab20                          Options.bytes_per_sync: 0
2021/01/26-12:48:12.546337 2b0936fbab20                      Options.wal_bytes_per_sync: 0
2021/01/26-12:48:12.546339 2b0936fbab20                   Options.strict_bytes_per_sync: 0
2021/01/26-12:48:12.546341 2b0936fbab20       Options.compaction_readahead_size: 0
2021/01/26-12:48:12.546344 2b0936fbab20                  Options.max_background_flushes: -1
2021/01/26-12:48:12.546346 2b0936fbab20 Compression algorithms supported:
2021/01/26-12:48:12.546350 2b0936fbab20 	kZSTDNotFinalCompression supported: 0
2021/01/26-12:48:12.546357 2b0936fbab20 	kZSTD supported: 0
2021/01/26-12:48:12.546360 2b0936fbab20 	kXpressCompression supported: 0
2021/01/26-12:48:12.546363 2b0936fbab20 	kLZ4HCCompression supported: 1
2021/01/26-12:48:12.546365 2b0936fbab20 	kLZ4Compression supported: 1
2021/01/26-12:48:12.546368 2b0936fbab20 	kBZip2Compression supported: 0
2021/01/26-12:48:12.546371 2b0936fbab20 	kZlibCompression supported: 1
2021/01/26-12:48:12.546378 2b0936fbab20 	kSnappyCompression supported: 0
2021/01/26-12:48:12.546418 2b0936fbab20 Fast CRC32 supported: Not supported on x86
2021/01/26-12:48:12.546729 2b0936fbab20 [db/version_set.cc:4515] Recovering from manifest file: /home/pvrp/public_html/server2/db/default/MANIFEST-000017
2021/01/26-12:48:12.547305 2b0936fbab20 [db/column_family.cc:579] --------------- Options for column family [default]:
2021/01/26-12:48:12.547311 2b0936fbab20               Options.comparator: leveldb.BytewiseComparator
2021/01/26-12:48:12.547313 2b0936fbab20           Options.merge_operator: None
2021/01/26-12:48:12.547316 2b0936fbab20        Options.compaction_filter: None
2021/01/26-12:48:12.547318 2b0936fbab20        Options.compaction_filter_factory: None
2021/01/26-12:48:12.547321 2b0936fbab20         Options.memtable_factory: SkipListFactory
2021/01/26-12:48:12.547323 2b0936fbab20            Options.table_factory: BlockBasedTable
2021/01/26-12:48:12.547528 2b0936fbab20            table_factory options:   flush_block_policy_factory: FlushBlockBySizePolicyFactory (0x2b096ae7ec10)
  cache_index_and_filter_blocks: 0
  cache_index_and_filter_blocks_with_high_priority: 1
  pin_l0_filter_and_index_blocks_in_cache: 0
  pin_top_level_index_and_filter: 1
  index_type: 0
  data_block_index_type: 0
  index_shortening: 1
  data_block_hash_table_util_ratio: 0.750000
  hash_index_allow_collision: 1
  checksum: 1
  no_block_cache: 0
  block_cache: 0x2b096d7e80b0
  block_cache_name: LRUCache
  block_cache_options:
    capacity : 8388608
    num_shard_bits : 4
    strict_capacity_limit : 0
    memory_allocator : None
    high_pri_pool_ratio: 0.000
  block_cache_compressed: 0
  persistent_cache: 0
  block_size: 4096
  block_size_deviation: 10
  block_restart_interval: 16
  index_block_restart_interval: 1
  metadata_block_size: 4096
  partition_filters: 0
  use_delta_encoding: 1
  filter_policy: nullptr
  whole_key_filtering: 1
  verify_compression: 0
  read_amp_bytes_per_bit: 0
  format_version: 4
  enable_index_compression: 1
  block_align: 0
2021/01/26-12:48:12.547569 2b0936fbab20        Options.write_buffer_size: 67108864
2021/01/26-12:48:12.547572 2b0936fbab20  Options.max_write_buffer_number: 2
2021/01/26-12:48:12.547582 2b0936fbab20          Options.compression: LZ4
2021/01/26-12:48:12.547585 2b0936fbab20                  Options.bottommost_compression: Disabled
2021/01/26-12:48:12.547636 2b0936fbab20       Options.prefix_extractor: nullptr
2021/01/26-12:48:12.547639 2b0936fbab20   Options.memtable_insert_with_hint_prefix_extractor: nullptr
2021/01/26-12:48:12.547642 2b0936fbab20             Options.num_levels: 7
2021/01/26-12:48:12.547644 2b0936fbab20        Options.min_write_buffer_number_to_merge: 1
2021/01/26-12:48:12.547646 2b0936fbab20     Options.max_write_buffer_number_to_maintain: 0
2021/01/26-12:48:12.547649 2b0936fbab20     Options.max_write_buffer_size_to_maintain: 0
2021/01/26-12:48:12.547651 2b0936fbab20            Options.bottommost_compression_opts.window_bits: -14
2021/01/26-12:48:12.547654 2b0936fbab20                  Options.bottommost_compression_opts.level: 32767
2021/01/26-12:48:12.547666 2b0936fbab20               Options.bottommost_compression_opts.strategy: 0
2021/01/26-12:48:12.547668 2b0936fbab20         Options.bottommost_compression_opts.max_dict_bytes: 0
2021/01/26-12:48:12.547671 2b0936fbab20         Options.bottommost_compression_opts.zstd_max_train_bytes: 0
2021/01/26-12:48:12.547673 2b0936fbab20         Options.bottommost_compression_opts.parallel_threads: 1
2021/01/26-12:48:12.547676 2b0936fbab20                  Options.bottommost_compression_opts.enabled: false
2021/01/26-12:48:12.547678 2b0936fbab20            Options.compression_opts.window_bits: -14
2021/01/26-12:48:12.547681 2b0936fbab20                  Options.compression_opts.level: 32767
2021/01/26-12:48:12.547683 2b0936fbab20               Options.compression_opts.strategy: 0
2021/01/26-12:48:12.547686 2b0936fbab20         Options.compression_opts.max_dict_bytes: 0
2021/01/26-12:48:12.547688 2b0936fbab20         Options.compression_opts.zstd_max_train_bytes: 0
2021/01/26-12:48:12.547691 2b0936fbab20         Options.compression_opts.parallel_threads: 1
2021/01/26-12:48:12.547701 2b0936fbab20                  Options.compression_opts.enabled: false
2021/01/26-12:48:12.547704 2b0936fbab20      Options.level0_file_num_compaction_trigger: 4
2021/01/26-12:48:12.547706 2b0936fbab20          Options.level0_slowdown_writes_trigger: 20
2021/01/26-12:48:12.547709 2b0936fbab20              Options.level0_stop_writes_trigger: 36
2021/01/26-12:48:12.547711 2b0936fbab20                   Options.target_file_size_base: 67108864
2021/01/26-12:48:12.547714 2b0936fbab20             Options.target_file_size_multiplier: 1
2021/01/26-12:48:12.547716 2b0936fbab20                Options.max_bytes_for_level_base: 268435456
2021/01/26-12:48:12.547719 2b0936fbab20 Options.level_compaction_dynamic_level_bytes: 0
2021/01/26-12:48:12.547721 2b0936fbab20          Options.max_bytes_for_level_multiplier: 10.000000
2021/01/26-12:48:12.547725 2b0936fbab20 Options.max_bytes_for_level_multiplier_addtl[0]: 1
2021/01/26-12:48:12.547727 2b0936fbab20 Options.max_bytes_for_level_multiplier_addtl[1]: 1
2021/01/26-12:48:12.547732 2b0936fbab20 Options.max_bytes_for_level_multiplier_addtl[2]: 1
2021/01/26-12:48:12.547735 2b0936fbab20 Options.max_bytes_for_level_multiplier_addtl[3]: 1
2021/01/26-12:48:12.547738 2b0936fbab20 Options.max_bytes_for_level_multiplier_addtl[4]: 1
2021/01/26-12:48:12.547740 2b0936fbab20 Options.max_bytes_for_level_multiplier_addtl[5]: 1
2021/01/26-12:48:12.547742 2b0936fbab20 Options.max_bytes_for_level_multiplier_addtl[6]: 1
2021/01/26-12:48:12.547745 2b0936fbab20       Options.max_sequential_skip_in_iterations: 8
2021/01/26-12:48:12.547747 2b0936fbab20                    Options.max_compaction_bytes: 1677721600
2021/01/26-12:48:12.547750 2b0936fbab20                        Options.arena_block_size: 8388608
2021/01/26-12:48:12.547753 2b0936fbab20   Options.soft_pending_compaction_bytes_limit: 68719476736
2021/01/26-12:48:12.547755 2b0936fbab20   Options.hard_pending_compaction_bytes_limit: 274877906944
2021/01/26-12:48:12.547758 2b0936fbab20       Options.rate_limit_delay_max_milliseconds: 100
2021/01/26-12:48:12.547763 2b0936fbab20                Options.disable_auto_compactions: 0
2021/01/26-12:48:12.547767 2b0936fbab20                        Options.compaction_style: kCompactionStyleLevel
2021/01/26-12:48:12.547771 2b0936fbab20                          Options.compaction_pri: kMinOverlappingRatio
2021/01/26-12:48:12.547773 2b0936fbab20 Options.compaction_options_universal.size_ratio: 1
2021/01/26-12:48:12.547776 2b0936fbab20 Options.compaction_options_universal.min_merge_width: 2
2021/01/26-12:48:12.547778 2b0936fbab20 Options.compaction_options_universal.max_merge_width: 4294967295
2021/01/26-12:48:12.547781 2b0936fbab20 Options.compaction_options_universal.max_size_amplification_percent: 200
2021/01/26-12:48:12.547783 2b0936fbab20 Options.compaction_options_universal.compression_size_percent: -1
2021/01/26-12:48:12.547799 2b0936fbab20 Options.compaction_options_universal.stop_style: kCompactionStopStyleTotalSize
2021/01/26-12:48:12.547801 2b0936fbab20 Options.compaction_options_fifo.max_table_files_size: 1073741824
2021/01/26-12:48:12.547807 2b0936fbab20 Options.compaction_options_fifo.allow_compaction: 0
2021/01/26-12:48:12.547823 2b0936fbab20                   Options.table_properties_collectors: 
2021/01/26-12:48:12.547825 2b0936fbab20                   Options.inplace_update_support: 0
2021/01/26-12:48:12.547828 2b0936fbab20                 Options.inplace_update_num_locks: 10000
2021/01/26-12:48:12.547830 2b0936fbab20               Options.memtable_prefix_bloom_size_ratio: 0.000000
2021/01/26-12:48:12.547833 2b0936fbab20               Options.memtable_whole_key_filtering: 0
2021/01/26-12:48:12.547835 2b0936fbab20   Options.memtable_huge_page_size: 0
2021/01/26-12:48:12.547838 2b0936fbab20                           Options.bloom_locality: 0
2021/01/26-12:48:12.547840 2b0936fbab20                    Options.max_successive_merges: 0
2021/01/26-12:48:12.547843 2b0936fbab20                Options.optimize_filters_for_hits: 0
2021/01/26-12:48:12.547845 2b0936fbab20                Options.paranoid_file_checks: 0
2021/01/26-12:48:12.547847 2b0936fbab20                Options.force_consistency_checks: 0
2021/01/26-12:48:12.547856 2b0936fbab20                Options.report_bg_io_stats: 0
2021/01/26-12:48:12.547858 2b0936fbab20                               Options.ttl: 2592000
2021/01/26-12:48:12.547861 2b0936fbab20          Options.periodic_compaction_seconds: 0
2021/01/26-12:48:12.563154 2b0936fbab20 [db/version_set.cc:4672] Recovered from manifest file:/home/pvrp/public_html/server2/db/default/MANIFEST-000017 succeeded,manifest_file_number is 17, next_file_number is 19, last_sequence is 0, log_number is 16,prev_log_number is 0,max_column_family is 0,min_log_number_to_keep is 0
2021/01/26-12:48:12.563171 2b0936fbab20 [db/version_set.cc:4681] Column family [default] (ID 0), log number is 16
2021/01/26-12:48:12.563700 2b0936fbab20 EVENT_LOG_v1 {"time_micros": 1611661692563687, "job": 1, "event": "recovery_started", "log_files": [18]}
2021/01/26-12:48:12.563725 2b0936fbab20 [db/db_impl/db_impl_open.cc:774] Recovering log #18 mode 2
2021/01/26-12:48:12.563906 2b0936fbab20 [db/version_set.cc:3920] Creating manifest 20
2021/01/26-12:48:12.568759 2b0936fbab20 EVENT_LOG_v1 {"time_micros": 1611661692568748, "job": 1, "event": "recovery_finished"}
2021/01/26-12:48:12.569468 2b0936fbab20 [file/delete_scheduler.cc:73] Deleted file /home/pvrp/public_html/server2/db/default/000018.log immediately, rate_bytes_per_sec 0, total_trash_size 0 max_trash_db_ratio 0.250000
2021/01/26-12:48:12.573817 2b0936fbab20 [db/db_impl/db_impl_open.cc:1576] SstFileManager instance 0x2b096dfb8fc0
2021/01/26-12:48:12.573880 2b0936fbab20 DB pointer 0x2b096dc6db20
2021/01/26-12:48:12.574822 2b096ed55b20 [db/db_impl/db_impl.cc:854] ------- DUMPING STATS -------
2021/01/26-12:48:12.574895 2b096ed55b20 [db/db_impl/db_impl.cc:855] 
** DB Stats **
Uptime(secs): 0.0 total, 0.0 interval
Cumulative writes: 0 writes, 0 keys, 0 commit groups, 0.0 writes per commit group, ingest: 0.00 GB, 0.00 MB/s
Cumulative WAL: 0 writes, 0 syncs, 0.00 writes per sync, written: 0.00 GB, 0.00 MB/s
Cumulative stall: 00:00:0.000 H:M:S, 0.0 percent
Interval writes: 0 writes, 0 keys, 0 commit groups, 0.0 writes per commit group, ingest: 0.00 MB, 0.00 MB/s
Interval WAL: 0 writes, 0 syncs, 0.00 writes per sync, written: 0.00 MB, 0.00 MB/s
Interval stall: 00:00:0.000 H:M:S, 0.0 percent

** Compaction Stats [default] **
Level    Files   Size     Score Read(GB)  Rn(GB) Rnp1(GB) Write(GB) Wnew(GB) Moved(GB) W-Amp Rd(MB/s) Wr(MB/s) Comp(sec) CompMergeCPU(sec) Comp(cnt) Avg(sec) KeyIn KeyDrop
----------------------------------------------------------------------------------------------------------------------------------------------------------------------------
 Sum      0/0    0.00 KB   0.0      0.0     0.0      0.0       0.0      0.0       0.0   0.0      0.0      0.0      0.00              0.00         0    0.000       0      0
 Int      0/0    0.00 KB   0.0      0.0     0.0      0.0       0.0      0.0       0.0   0.0      0.0      0.0      0.00              0.00         0    0.000       0      0

** Compaction Stats [default] **
Priority    Files   Size     Score Read(GB)  Rn(GB) Rnp1(GB) Write(GB) Wnew(GB) Moved(GB) W-Amp Rd(MB/s) Wr(MB/s) Comp(sec) CompMergeCPU(sec) Comp(cnt) Avg(sec) KeyIn KeyDrop
-------------------------------------------------------------------------------------------------------------------------------------------------------------------------------
Uptime(secs): 0.0 total, 0.0 interval
Flush(GB): cumulative 0.000, interval 0.000
AddFile(GB): cumulative 0.000, interval 0.000
AddFile(Total Files): cumulative 0, interval 0
AddFile(L0 Files): cumulative 0, interval 0
AddFile(Keys): cumulative 0, interval 0
Cumulative compaction: 0.00 GB write, 0.00 MB/s write, 0.00 GB read, 0.00 MB/s read, 0.0 seconds
Interval compaction: 0.00 GB write, 0.00 MB/s write, 0.00 GB read, 0.00 MB/s read, 0.0 seconds
Stalls(count): 0 level0_slowdown, 0 level0_slowdown_with_compaction, 0 level0_numfiles, 0 level0_numfiles_with_compaction, 0 stop for pending_compaction_bytes, 0 slowdown for pending_compaction_bytes, 0 memtable_compaction, 0 memtable_slowdown, interval 0 total count

** File Read Latency Histogram By Level [default] **

** Compaction Stats [default] **
Level    Files   Size     Score Read(GB)  Rn(GB) Rnp1(GB) Write(GB) Wnew(GB) Moved(GB) W-Amp Rd(MB/s) Wr(MB/s) Comp(sec) CompMergeCPU(sec) Comp(cnt) Avg(sec) KeyIn KeyDrop
----------------------------------------------------------------------------------------------------------------------------------------------------------------------------
 Sum      0/0    0.00 KB   0.0      0.0     0.0      0.0       0.0      0.0       0.0   0.0      0.0      0.0      0.00              0.00         0    0.000       0      0
 Int      0/0    0.00 KB   0.0      0.0     0.0      0.0       0.0      0.0       0.0   0.0      0.0      0.0      0.00              0.00         0    0.000       0      0

** Compaction Stats [default] **
Priority    Files   Size     Score Read(GB)  Rn(GB) Rnp1(GB) Write(GB) Wnew(GB) Moved(GB) W-Amp Rd(MB/s) Wr(MB/s) Comp(sec) CompMergeCPU(sec) Comp(cnt) Avg(sec) KeyIn KeyDrop
-------------------------------------------------------------------------------------------------------------------------------------------------------------------------------
Uptime(secs): 0.0 total, 0.0 interval
Flush(GB): cumulative 0.000, interval 0.000
AddFile(GB): cumulative 0.000, interval 0.000
AddFile(Total Files): cumulative 0, interval 0
AddFile(L0 Files): cumulative 0, interval 0
AddFile(Keys): cumulative 0, interval 0
Cumulative compaction: 0.00 GB write, 0.00 MB/s write, 0.00 GB read, 0.00 MB/s read, 0.0 seconds
Interval compaction: 0.00 GB write, 0.00 MB/s write, 0.00 GB read, 0.00 MB/s read, 0.0 seconds
Stalls(count): 0 level0_slowdown, 0 level0_slowdown_with_compaction, 0 level0_numfiles, 0 level0_numfiles_with_compaction, 0 stop for pending_compaction_bytes, 0 slowdown for pending_compaction_bytes, 0 memtable_compaction, 0 memtable_slowdown, interval 0 total count

** File Read Latency Histogram By Level [default] **
2021/01/26-12:58:12.576204 2b096ed55b20 [db/db_impl/db_impl.cc:854] ------- DUMPING STATS -------
2021/01/26-12:58:12.576361 2b096ed55b20 [db/db_impl/db_impl.cc:855] 
** DB Stats **
Uptime(secs): 600.0 total, 600.0 interval
Cumulative writes: 0 writes, 0 keys, 0 commit groups, 0.0 writes per commit group, ingest: 0.00 GB, 0.00 MB/s
Cumulative WAL: 0 writes, 0 syncs, 0.00 writes per sync, written: 0.00 GB, 0.00 MB/s
Cumulative stall: 00:00:0.000 H:M:S, 0.0 percent
Interval writes: 0 writes, 0 keys, 0 commit groups, 0.0 writes per commit group, ingest: 0.00 MB, 0.00 MB/s
Interval WAL: 0 writes, 0 syncs, 0.00 writes per sync, written: 0.00 MB, 0.00 MB/s
Interval stall: 00:00:0.000 H:M:S, 0.0 percent

** Compaction Stats [default] **
Level    Files   Size     Score Read(GB)  Rn(GB) Rnp1(GB) Write(GB) Wnew(GB) Moved(GB) W-Amp Rd(MB/s) Wr(MB/s) Comp(sec) CompMergeCPU(sec) Comp(cnt) Avg(sec) KeyIn KeyDrop
----------------------------------------------------------------------------------------------------------------------------------------------------------------------------
 Sum      0/0    0.00 KB   0.0      0.0     0.0      0.0       0.0      0.0       0.0   0.0      0.0      0.0      0.00              0.00         0    0.000       0      0
 Int      0/0    0.00 KB   0.0      0.0     0.0      0.0       0.0      0.0       0.0   0.0      0.0      0.0      0.00              0.00         0    0.000       0      0

** Compaction Stats [default] **
Priority    Files   Size     Score Read(GB)  Rn(GB) Rnp1(GB) Write(GB) Wnew(GB) Moved(GB) W-Amp Rd(MB/s) Wr(MB/s) Comp(sec) CompMergeCPU(sec) Comp(cnt) Avg(sec) KeyIn KeyDrop
-------------------------------------------------------------------------------------------------------------------------------------------------------------------------------
Uptime(secs): 600.0 total, 600.0 interval
Flush(GB): cumulative 0.000, interval 0.000
AddFile(GB): cumulative 0.000, interval 0.000
AddFile(Total Files): cumulative 0, interval 0
AddFile(L0 Files): cumulative 0, interval 0
AddFile(Keys): cumulative 0, interval 0
Cumulative compaction: 0.00 GB write, 0.00 MB/s write, 0.00 GB read, 0.00 MB/s read, 0.0 seconds
Interval compaction: 0.00 GB write, 0.00 MB/s write, 0.00 GB read, 0.00 MB/s read, 0.0 seconds
Stalls(count): 0 level0_slowdown, 0 level0_slowdown_with_compaction, 0 level0_numfiles, 0 level0_numfiles_with_compaction, 0 stop for pending_compaction_bytes, 0 slowdown for pending_compaction_bytes, 0 memtable_compaction, 0 memtable_slowdown, interval 0 total count

** File Read Latency Histogram By Level [default] **

** Compaction Stats [default] **
Level    Files   Size     Score Read(GB)  Rn(GB) Rnp1(GB) Write(GB) Wnew(GB) Moved(GB) W-Amp Rd(MB/s) Wr(MB/s) Comp(sec) CompMergeCPU(sec) Comp(cnt) Avg(sec) KeyIn KeyDrop
----------------------------------------------------------------------------------------------------------------------------------------------------------------------------
 Sum      0/0    0.00 KB   0.0      0.0     0.0      0.0       0.0      0.0       0.0   0.0      0.0      0.0      0.00              0.00         0    0.000       0      0
 Int      0/0    0.00 KB   0.0      0.0     0.0      0.0       0.0      0.0       0.0   0.0      0.0      0.0      0.00              0.00         0    0.000       0      0

** Compaction Stats [default] **
Priority    Files   Size     Score Read(GB)  Rn(GB) Rnp1(GB) Write(GB) Wnew(GB) Moved(GB) W-Amp Rd(MB/s) Wr(MB/s) Comp(sec) CompMergeCPU(sec) Comp(cnt) Avg(sec) KeyIn KeyDrop
-------------------------------------------------------------------------------------------------------------------------------------------------------------------------------
Uptime(secs): 600.0 total, 0.0 interval
Flush(GB): cumulative 0.000, interval 0.000
AddFile(GB): cumulative 0.000, interval 0.000
AddFile(Total Files): cumulative 0, interval 0
AddFile(L0 Files): cumulative 0, interval 0
AddFile(Keys): cumulative 0, interval 0
Cumulative compaction: 0.00 GB write, 0.00 MB/s write, 0.00 GB read, 0.00 MB/s read, 0.0 seconds
Interval compaction: 0.00 GB write, 0.00 MB/s write, 0.00 GB read, 0.00 MB/s read, 0.0 seconds
Stalls(count): 0 level0_slowdown, 0 level0_slowdown_with_compaction, 0 level0_numfiles, 0 level0_numfiles_with_compaction, 0 stop for pending_compaction_bytes, 0 slowdown for pending_compaction_bytes, 0 memtable_compaction, 0 memtable_slowdown, interval 0 total count

** File Read Latency Histogram By Level [default] **
2021/01/26-13:08:12.577677 2b096ed55b20 [db/db_impl/db_impl.cc:854] ------- DUMPING STATS -------
2021/01/26-13:08:12.578373 2b096ed55b20 [db/db_impl/db_impl.cc:855] 
** DB Stats **
Uptime(secs): 1200.0 total, 600.0 interval
Cumulative writes: 0 writes, 0 keys, 0 commit groups, 0.0 writes per commit group, ingest: 0.00 GB, 0.00 MB/s
Cumulative WAL: 0 writes, 0 syncs, 0.00 writes per sync, written: 0.00 GB, 0.00 MB/s
Cumulative stall: 00:00:0.000 H:M:S, 0.0 percent
Interval writes: 0 writes, 0 keys, 0 commit groups, 0.0 writes per commit group, ingest: 0.00 MB, 0.00 MB/s
Interval WAL: 0 writes, 0 syncs, 0.00 writes per sync, written: 0.00 MB, 0.00 MB/s
Interval stall: 00:00:0.000 H:M:S, 0.0 percent

** Compaction Stats [default] **
Level    Files   Size     Score Read(GB)  Rn(GB) Rnp1(GB) Write(GB) Wnew(GB) Moved(GB) W-Amp Rd(MB/s) Wr(MB/s) Comp(sec) CompMergeCPU(sec) Comp(cnt) Avg(sec) KeyIn KeyDrop
----------------------------------------------------------------------------------------------------------------------------------------------------------------------------
 Sum      0/0    0.00 KB   0.0      0.0     0.0      0.0       0.0      0.0       0.0   0.0      0.0      0.0      0.00              0.00         0    0.000       0      0
 Int      0/0    0.00 KB   0.0      0.0     0.0      0.0       0.0      0.0       0.0   0.0      0.0      0.0      0.00              0.00         0    0.000       0      0

** Compaction Stats [default] **
Priority    Files   Size     Score Read(GB)  Rn(GB) Rnp1(GB) Write(GB) Wnew(GB) Moved(GB) W-Amp Rd(MB/s) Wr(MB/s) Comp(sec) CompMergeCPU(sec) Comp(cnt) Avg(sec) KeyIn KeyDrop
-------------------------------------------------------------------------------------------------------------------------------------------------------------------------------
Uptime(secs): 1200.0 total, 600.0 interval
Flush(GB): cumulative 0.000, interval 0.000
AddFile(GB): cumulative 0.000, interval 0.000
AddFile(Total Files): cumulative 0, interval 0
AddFile(L0 Files): cumulative 0, interval 0
AddFile(Keys): cumulative 0, interval 0
Cumulative compaction: 0.00 GB write, 0.00 MB/s write, 0.00 GB read, 0.00 MB/s read, 0.0 seconds
Interval compaction: 0.00 GB write, 0.00 MB/s write, 0.00 GB read, 0.00 MB/s read, 0.0 seconds
Stalls(count): 0 level0_slowdown, 0 level0_slowdown_with_compaction, 0 level0_numfiles, 0 level0_numfiles_with_compaction, 0 stop for pending_compaction_bytes, 0 slowdown for pending_compaction_bytes, 0 memtable_compaction, 0 memtable_slowdown, interval 0 total count

** File Read Latency Histogram By Level [default] **

** Compaction Stats [default] **
Level    Files   Size     Score Read(GB)  Rn(GB) Rnp1(GB) Write(GB) Wnew(GB) Moved(GB) W-Amp Rd(MB/s) Wr(MB/s) Comp(sec) CompMergeCPU(sec) Comp(cnt) Avg(sec) KeyIn KeyDrop
----------------------------------------------------------------------------------------------------------------------------------------------------------------------------
 Sum      0/0    0.00 KB   0.0      0.0     0.0      0.0       0.0      0.0       0.0   0.0      0.0      0.0      0.00              0.00         0    0.000       0      0
 Int      0/0    0.00 KB   0.0      0.0     0.0      0.0       0.0      0.0       0.0   0.0      0.0      0.0      0.00              0.00         0    0.000       0      0

** Compaction Stats [default] **
Priority    Files   Size     Score Read(GB)  Rn(GB) Rnp1(GB) Write(GB) Wnew(GB) Moved(GB) W-Amp Rd(MB/s) Wr(MB/s) Comp(sec) CompMergeCPU(sec) Comp(cnt) Avg(sec) KeyIn KeyDrop
-------------------------------------------------------------------------------------------------------------------------------------------------------------------------------
Uptime(secs): 1200.0 total, 0.0 interval
Flush(GB): cumulative 0.000, interval 0.000
AddFile(GB): cumulative 0.000, interval 0.000
AddFile(Total Files): cumulative 0, interval 0
AddFile(L0 Files): cumulative 0, interval 0
AddFile(Keys): cumulative 0, interval 0
Cumulative compaction: 0.00 GB write, 0.00 MB/s write, 0.00 GB read, 0.00 MB/s read, 0.0 seconds
Interval compaction: 0.00 GB write, 0.00 MB/s write, 0.00 GB read, 0.00 MB/s read, 0.0 seconds
Stalls(count): 0 level0_slowdown, 0 level0_slowdown_with_compaction, 0 level0_numfiles, 0 level0_numfiles_with_compaction, 0 stop for pending_compaction_bytes, 0 slowdown for pending_compaction_bytes, 0 memtable_compaction, 0 memtable_slowdown, interval 0 total count

** File Read Latency Histogram By Level [default] **
2021/01/26-13:18:12.579663 2b096ed55b20 [db/db_impl/db_impl.cc:854] ------- DUMPING STATS -------
2021/01/26-13:18:12.579925 2b096ed55b20 [db/db_impl/db_impl.cc:855] 
** DB Stats **
Uptime(secs): 1800.0 total, 600.0 interval
Cumulative writes: 0 writes, 0 keys, 0 commit groups, 0.0 writes per commit group, ingest: 0.00 GB, 0.00 MB/s
Cumulative WAL: 0 writes, 0 syncs, 0.00 writes per sync, written: 0.00 GB, 0.00 MB/s
Cumulative stall: 00:00:0.000 H:M:S, 0.0 percent
Interval writes: 0 writes, 0 keys, 0 commit groups, 0.0 writes per commit group, ingest: 0.00 MB, 0.00 MB/s
Interval WAL: 0 writes, 0 syncs, 0.00 writes per sync, written: 0.00 MB, 0.00 MB/s
Interval stall: 00:00:0.000 H:M:S, 0.0 percent

** Compaction Stats [default] **
Level    Files   Size     Score Read(GB)  Rn(GB) Rnp1(GB) Write(GB) Wnew(GB) Moved(GB) W-Amp Rd(MB/s) Wr(MB/s) Comp(sec) CompMergeCPU(sec) Comp(cnt) Avg(sec) KeyIn KeyDrop
----------------------------------------------------------------------------------------------------------------------------------------------------------------------------
 Sum      0/0    0.00 KB   0.0      0.0     0.0      0.0       0.0      0.0       0.0   0.0      0.0      0.0      0.00              0.00         0    0.000       0      0
 Int      0/0    0.00 KB   0.0      0.0     0.0      0.0       0.0      0.0       0.0   0.0      0.0      0.0      0.00              0.00         0    0.000       0      0

** Compaction Stats [default] **
Priority    Files   Size     Score Read(GB)  Rn(GB) Rnp1(GB) Write(GB) Wnew(GB) Moved(GB) W-Amp Rd(MB/s) Wr(MB/s) Comp(sec) CompMergeCPU(sec) Comp(cnt) Avg(sec) KeyIn KeyDrop
-------------------------------------------------------------------------------------------------------------------------------------------------------------------------------
Uptime(secs): 1800.0 total, 600.0 interval
Flush(GB): cumulative 0.000, interval 0.000
AddFile(GB): cumulative 0.000, interval 0.000
AddFile(Total Files): cumulative 0, interval 0
AddFile(L0 Files): cumulative 0, interval 0
AddFile(Keys): cumulative 0, interval 0
Cumulative compaction: 0.00 GB write, 0.00 MB/s write, 0.00 GB read, 0.00 MB/s read, 0.0 seconds
Interval compaction: 0.00 GB write, 0.00 MB/s write, 0.00 GB read, 0.00 MB/s read, 0.0 seconds
Stalls(count): 0 level0_slowdown, 0 level0_slowdown_with_compaction, 0 level0_numfiles, 0 level0_numfiles_with_compaction, 0 stop for pending_compaction_bytes, 0 slowdown for pending_compaction_bytes, 0 memtable_compaction, 0 memtable_slowdown, interval 0 total count

** File Read Latency Histogram By Level [default] **

** Compaction Stats [default] **
Level    Files   Size     Score Read(GB)  Rn(GB) Rnp1(GB) Write(GB) Wnew(GB) Moved(GB) W-Amp Rd(MB/s) Wr(MB/s) Comp(sec) CompMergeCPU(sec) Comp(cnt) Avg(sec) KeyIn KeyDrop
----------------------------------------------------------------------------------------------------------------------------------------------------------------------------
 Sum      0/0    0.00 KB   0.0      0.0     0.0      0.0       0.0      0.0       0.0   0.0      0.0      0.0      0.00              0.00         0    0.000       0      0
 Int      0/0    0.00 KB   0.0      0.0     0.0      0.0       0.0      0.0       0.0   0.0      0.0      0.0      0.00              0.00         0    0.000       0      0

** Compaction Stats [default] **
Priority    Files   Size     Score Read(GB)  Rn(GB) Rnp1(GB) Write(GB) Wnew(GB) Moved(GB) W-Amp Rd(MB/s) Wr(MB/s) Comp(sec) CompMergeCPU(sec) Comp(cnt) Avg(sec) KeyIn KeyDrop
-------------------------------------------------------------------------------------------------------------------------------------------------------------------------------
Uptime(secs): 1800.0 total, 0.0 interval
Flush(GB): cumulative 0.000, interval 0.000
AddFile(GB): cumulative 0.000, interval 0.000
AddFile(Total Files): cumulative 0, interval 0
AddFile(L0 Files): cumulative 0, interval 0
AddFile(Keys): cumulative 0, interval 0
Cumulative compaction: 0.00 GB write, 0.00 MB/s write, 0.00 GB read, 0.00 MB/s read, 0.0 seconds
Interval compaction: 0.00 GB write, 0.00 MB/s write, 0.00 GB read, 0.00 MB/s read, 0.0 seconds
Stalls(count): 0 level0_slowdown, 0 level0_slowdown_with_compaction, 0 level0_numfiles, 0 level0_numfiles_with_compaction, 0 stop for pending_compaction_bytes, 0 slowdown for pending_compaction_bytes, 0 memtable_compaction, 0 memtable_slowdown, interval 0 total count

** File Read Latency Histogram By Level [default] **
2021/01/26-13:28:12.580971 2b096ed55b20 [db/db_impl/db_impl.cc:854] ------- DUMPING STATS -------
2021/01/26-13:28:12.581283 2b096ed55b20 [db/db_impl/db_impl.cc:855] 
** DB Stats **
Uptime(secs): 2400.0 total, 600.0 interval
Cumulative writes: 0 writes, 0 keys, 0 commit groups, 0.0 writes per commit group, ingest: 0.00 GB, 0.00 MB/s
Cumulative WAL: 0 writes, 0 syncs, 0.00 writes per sync, written: 0.00 GB, 0.00 MB/s
Cumulative stall: 00:00:0.000 H:M:S, 0.0 percent
Interval writes: 0 writes, 0 keys, 0 commit groups, 0.0 writes per commit group, ingest: 0.00 MB, 0.00 MB/s
Interval WAL: 0 writes, 0 syncs, 0.00 writes per sync, written: 0.00 MB, 0.00 MB/s
Interval stall: 00:00:0.000 H:M:S, 0.0 percent

** Compaction Stats [default] **
Level    Files   Size     Score Read(GB)  Rn(GB) Rnp1(GB) Write(GB) Wnew(GB) Moved(GB) W-Amp Rd(MB/s) Wr(MB/s) Comp(sec) CompMergeCPU(sec) Comp(cnt) Avg(sec) KeyIn KeyDrop
----------------------------------------------------------------------------------------------------------------------------------------------------------------------------
 Sum      0/0    0.00 KB   0.0      0.0     0.0      0.0       0.0      0.0       0.0   0.0      0.0      0.0      0.00              0.00         0    0.000       0      0
 Int      0/0    0.00 KB   0.0      0.0     0.0      0.0       0.0      0.0       0.0   0.0      0.0      0.0      0.00              0.00         0    0.000       0      0

** Compaction Stats [default] **
Priority    Files   Size     Score Read(GB)  Rn(GB) Rnp1(GB) Write(GB) Wnew(GB) Moved(GB) W-Amp Rd(MB/s) Wr(MB/s) Comp(sec) CompMergeCPU(sec) Comp(cnt) Avg(sec) KeyIn KeyDrop
-------------------------------------------------------------------------------------------------------------------------------------------------------------------------------
Uptime(secs): 2400.0 total, 600.0 interval
Flush(GB): cumulative 0.000, interval 0.000
AddFile(GB): cumulative 0.000, interval 0.000
AddFile(Total Files): cumulative 0, interval 0
AddFile(L0 Files): cumulative 0, interval 0
AddFile(Keys): cumulative 0, interval 0
Cumulative compaction: 0.00 GB write, 0.00 MB/s write, 0.00 GB read, 0.00 MB/s read, 0.0 seconds
Interval compaction: 0.00 GB write, 0.00 MB/s write, 0.00 GB read, 0.00 MB/s read, 0.0 seconds
Stalls(count): 0 level0_slowdown, 0 level0_slowdown_with_compaction, 0 level0_numfiles, 0 level0_numfiles_with_compaction, 0 stop for pending_compaction_bytes, 0 slowdown for pending_compaction_bytes, 0 memtable_compaction, 0 memtable_slowdown, interval 0 total count

** File Read Latency Histogram By Level [default] **

** Compaction Stats [default] **
Level    Files   Size     Score Read(GB)  Rn(GB) Rnp1(GB) Write(GB) Wnew(GB) Moved(GB) W-Amp Rd(MB/s) Wr(MB/s) Comp(sec) CompMergeCPU(sec) Comp(cnt) Avg(sec) KeyIn KeyDrop
----------------------------------------------------------------------------------------------------------------------------------------------------------------------------
 Sum      0/0    0.00 KB   0.0      0.0     0.0      0.0       0.0      0.0       0.0   0.0      0.0      0.0      0.00              0.00         0    0.000       0      0
 Int      0/0    0.00 KB   0.0      0.0     0.0      0.0       0.0      0.0       0.0   0.0      0.0      0.0      0.00              0.00         0    0.000       0      0

** Compaction Stats [default] **
Priority    Files   Size     Score Read(GB)  Rn(GB) Rnp1(GB) Write(GB) Wnew(GB) Moved(GB) W-Amp Rd(MB/s) Wr(MB/s) Comp(sec) CompMergeCPU(sec) Comp(cnt) Avg(sec) KeyIn KeyDrop
-------------------------------------------------------------------------------------------------------------------------------------------------------------------------------
Uptime(secs): 2400.0 total, 0.0 interval
